{
 "cells": [
  {
   "cell_type": "markdown",
   "metadata": {},
   "source": [
    "# TSP问题"
   ]
  },
  {
   "cell_type": "code",
   "execution_count": 1,
   "metadata": {},
   "outputs": [
    {
     "name": "stdout",
     "output_type": "stream",
     "text": [
      "Objective: 7293 miles\n",
      "Route for vehicle 0:\n",
      " 0 -> 7 -> 2 -> 3 -> 4 -> 12 -> 6 -> 8 -> 1 -> 11 -> 10 -> 5 -> 9 -> 0\n",
      "\n"
     ]
    }
   ],
   "source": [
    "from ortools.constraint_solver import routing_enums_pb2\n",
    "from ortools.constraint_solver import pywrapcp\n",
    "\n",
    "\n",
    "{0:New York, 1:Los Angeles,2:Chicago,3:Minneapolis,4:Denver,5:Dallas,6:Seattle,7:Boston,8:San Francisco, 9:St. Louis, 10:Houston,11:Phoenix,12:Salt Lake City}\n",
    "\n",
    "def create_data_model():\n",
    "    data = {}\n",
    "    data['distance_matrix'] = [\n",
    "        [0, 2451, 713, 1018, 1631, 1374, 2408, 213, 2571, 875, 1420, 2145, 1972],\n",
    "        [2451, 0, 1745, 1524, 831, 1240, 959, 2596, 403, 1589, 1374, 357, 579],\n",
    "        [713, 1745, 0, 355, 920, 803, 1737, 851, 1858, 262, 940, 1453, 1260],\n",
    "        [1018, 1524, 355, 0, 700, 862, 1395, 1123, 1584, 466, 1056, 1280, 987],\n",
    "        [1631, 831, 920, 700, 0, 663, 1021, 1769, 949, 796, 879, 586, 371],\n",
    "        [1374, 1240, 803, 862, 663, 0, 1681, 1551, 1765, 547, 225, 887, 999],\n",
    "        [2408, 959, 1737, 1395, 1021, 1681, 0, 2493, 678, 1724, 1891, 1114, 701],\n",
    "        [213, 2596, 851, 1123, 1769, 1551, 2493, 0, 2699, 1038, 1605, 2300, 2099],\n",
    "        [2571, 403, 1858, 1584, 949, 1765, 678, 2699, 0, 1744, 1645, 653, 600],\n",
    "        [875, 1589, 262, 466, 796, 547, 1724, 1038, 1744, 0, 679, 1272, 1162],\n",
    "        [1420, 1374, 940, 1056, 879, 225, 1891, 1605, 1645, 679, 0, 1017, 1200],\n",
    "        [2145, 357, 1453, 1280, 586, 887, 1114, 2300, 653, 1272, 1017, 0, 504],\n",
    "        [1972, 579, 1260, 987, 371, 999, 701, 2099, 600, 1162, 1200, 504, 0],\n",
    "    ]\n",
    "    data['num_vehicles'] = 1 # 车辆数量\n",
    "    data['depot'] = 0 # 起点索引\n",
    "    return data\n",
    "\n",
    "data = create_data_model()\n",
    "manager = pywrapcp.RoutingIndexManager(len(data['distance_matrix']),data['num_vehicles'], data['depot'])\n",
    "routing = pywrapcp.RoutingModel(manager)\n",
    "\n",
    "\n",
    "def distance_callback(from_index, to_index):\n",
    "    \"\"\"Returns the distance between the two nodes.\"\"\"\n",
    "    # Convert from routing variable Index to distance matrix NodeIndex.\n",
    "    from_node = manager.IndexToNode(from_index)\n",
    "    to_node = manager.IndexToNode(to_index)\n",
    "    return data['distance_matrix'][from_node][to_node]\n",
    "\n",
    "transit_callback_index = routing.RegisterTransitCallback(distance_callback)\n",
    "\n",
    "routing.SetArcCostEvaluatorOfAllVehicles(transit_callback_index)\n",
    "\n",
    "search_parameters = pywrapcp.DefaultRoutingSearchParameters()\n",
    "search_parameters.first_solution_strategy = (\n",
    "    routing_enums_pb2.FirstSolutionStrategy.PATH_CHEAPEST_ARC)\n",
    "\n",
    "\n",
    "def print_solution(manager, routing, solution):\n",
    "    \"\"\"Prints solution on console.\"\"\"\n",
    "    print('Objective: {} miles'.format(solution.ObjectiveValue()))\n",
    "    index = routing.Start(0)\n",
    "    plan_output = 'Route for vehicle 0:\\n'\n",
    "    route_distance = 0\n",
    "    while not routing.IsEnd(index):\n",
    "        plan_output += ' {} ->'.format(manager.IndexToNode(index))\n",
    "        previous_index = index\n",
    "        index = solution.Value(routing.NextVar(index))\n",
    "        route_distance += routing.GetArcCostForVehicle(\n",
    "            previous_index, index, 0)\n",
    "    plan_output += ' {}\\n'.format(manager.IndexToNode(index))\n",
    "    print(plan_output)\n",
    "    plan_output += 'Route distance: {}miles\\n'.format(route_distance)\n",
    "\n",
    "\n",
    "solution = routing.SolveWithParameters(search_parameters)\n",
    "if solution:\n",
    "    print_solution(manager, routing, solution)"
   ]
  },
  {
   "cell_type": "code",
   "execution_count": 2,
   "metadata": {},
   "outputs": [
    {
     "name": "stdout",
     "output_type": "stream",
     "text": [
      "Objective: 2790\n",
      "Route:\n",
      " 0 -> 1 -> 279 -> 2 -> 278 -> 277 -> 248 -> 247 -> 243 -> 242 -> 241 -> 240 -> 239 -> 238 -> 245 -> 244 -> 246 -> 249 -> 250 -> 229 -> 228 -> 231 -> 230 -> 237 -> 236 -> 235 -> 234 -> 233 -> 232 -> 227 -> 226 -> 225 -> 224 -> 223 -> 222 -> 218 -> 221 -> 220 -> 219 -> 202 -> 203 -> 204 -> 205 -> 207 -> 206 -> 211 -> 212 -> 215 -> 216 -> 217 -> 214 -> 213 -> 210 -> 209 -> 208 -> 251 -> 254 -> 255 -> 257 -> 256 -> 253 -> 252 -> 139 -> 140 -> 141 -> 142 -> 143 -> 199 -> 201 -> 200 -> 195 -> 194 -> 193 -> 191 -> 190 -> 189 -> 188 -> 187 -> 163 -> 164 -> 165 -> 166 -> 167 -> 168 -> 169 -> 171 -> 170 -> 172 -> 105 -> 106 -> 104 -> 103 -> 107 -> 109 -> 110 -> 113 -> 114 -> 116 -> 117 -> 61 -> 62 -> 63 -> 65 -> 64 -> 84 -> 85 -> 115 -> 112 -> 86 -> 83 -> 82 -> 87 -> 111 -> 108 -> 89 -> 90 -> 91 -> 102 -> 101 -> 100 -> 99 -> 98 -> 97 -> 96 -> 95 -> 94 -> 93 -> 92 -> 79 -> 88 -> 81 -> 80 -> 78 -> 77 -> 76 -> 74 -> 75 -> 73 -> 72 -> 71 -> 70 -> 69 -> 66 -> 68 -> 67 -> 57 -> 56 -> 55 -> 54 -> 53 -> 52 -> 51 -> 50 -> 49 -> 48 -> 47 -> 46 -> 45 -> 44 -> 43 -> 58 -> 60 -> 59 -> 42 -> 41 -> 40 -> 39 -> 38 -> 37 -> 36 -> 35 -> 34 -> 33 -> 32 -> 31 -> 30 -> 29 -> 124 -> 123 -> 122 -> 121 -> 120 -> 119 -> 118 -> 156 -> 157 -> 158 -> 173 -> 162 -> 161 -> 160 -> 174 -> 159 -> 150 -> 151 -> 155 -> 152 -> 154 -> 153 -> 128 -> 129 -> 130 -> 131 -> 18 -> 19 -> 20 -> 127 -> 126 -> 125 -> 28 -> 27 -> 26 -> 25 -> 21 -> 24 -> 22 -> 23 -> 13 -> 12 -> 14 -> 11 -> 10 -> 9 -> 7 -> 8 -> 6 -> 5 -> 275 -> 274 -> 273 -> 272 -> 271 -> 270 -> 15 -> 16 -> 17 -> 132 -> 149 -> 177 -> 176 -> 175 -> 178 -> 179 -> 180 -> 181 -> 182 -> 183 -> 184 -> 186 -> 185 -> 192 -> 196 -> 197 -> 198 -> 144 -> 145 -> 146 -> 147 -> 148 -> 138 -> 137 -> 136 -> 135 -> 134 -> 133 -> 269 -> 268 -> 267 -> 266 -> 265 -> 264 -> 263 -> 262 -> 261 -> 260 -> 258 -> 259 -> 276 -> 3 -> 4 -> 0\n",
      "\n"
     ]
    }
   ],
   "source": [
    "\"\"\"Simple Travelling Salesperson Problem (TSP) on a circuit board.\"\"\"\n",
    "\n",
    "import math\n",
    "from ortools.constraint_solver import routing_enums_pb2\n",
    "from ortools.constraint_solver import pywrapcp\n",
    "\n",
    "\n",
    "def create_data_model():\n",
    "    \"\"\"Stores the data for the problem.\"\"\"\n",
    "    data = {}\n",
    "    # Locations in block units\n",
    "    data['locations'] = [\n",
    "        (288, 149), (288, 129), (270, 133), (256, 141), (256, 157), (246, 157),\n",
    "        (236, 169), (228, 169), (228, 161), (220, 169), (212, 169), (204, 169),\n",
    "        (196, 169), (188, 169), (196, 161), (188, 145), (172, 145), (164, 145),\n",
    "        (156, 145), (148, 145), (140, 145), (148, 169), (164, 169), (172, 169),\n",
    "        (156, 169), (140, 169), (132, 169), (124, 169), (116, 161), (104, 153),\n",
    "        (104, 161), (104, 169), (90, 165), (80, 157), (64, 157), (64, 165),\n",
    "        (56, 169), (56, 161), (56, 153), (56, 145), (56, 137), (56, 129),\n",
    "        (56, 121), (40, 121), (40, 129), (40, 137), (40, 145), (40, 153),\n",
    "        (40, 161), (40, 169), (32, 169), (32, 161), (32, 153), (32, 145),\n",
    "        (32, 137), (32, 129), (32, 121), (32, 113), (40, 113), (56, 113),\n",
    "        (56, 105), (48, 99), (40, 99), (32, 97), (32, 89), (24, 89),\n",
    "        (16, 97), (16, 109), (8, 109), (8, 97), (8, 89), (8, 81),\n",
    "        (8, 73), (8, 65), (8, 57), (16, 57), (8, 49), (8, 41),\n",
    "        (24, 45), (32, 41), (32, 49), (32, 57), (32, 65), (32, 73),\n",
    "        (32, 81), (40, 83), (40, 73), (40, 63), (40, 51), (44, 43),\n",
    "        (44, 35), (44, 27), (32, 25), (24, 25), (16, 25), (16, 17),\n",
    "        (24, 17), (32, 17), (44, 11), (56, 9), (56, 17), (56, 25),\n",
    "        (56, 33), (56, 41), (64, 41), (72, 41), (72, 49), (56, 49),\n",
    "        (48, 51), (56, 57), (56, 65), (48, 63), (48, 73), (56, 73),\n",
    "        (56, 81), (48, 83), (56, 89), (56, 97), (104, 97), (104, 105),\n",
    "        (104, 113), (104, 121), (104, 129), (104, 137), (104, 145), (116, 145),\n",
    "        (124, 145), (132, 145), (132, 137), (140, 137), (148, 137), (156, 137),\n",
    "        (164, 137), (172, 125), (172, 117), (172, 109), (172, 101), (172, 93),\n",
    "        (172, 85), (180, 85), (180, 77), (180, 69), (180, 61), (180, 53),\n",
    "        (172, 53), (172, 61), (172, 69), (172, 77), (164, 81), (148, 85),\n",
    "        (124, 85), (124, 93), (124, 109), (124, 125), (124, 117), (124, 101),\n",
    "        (104, 89), (104, 81), (104, 73), (104, 65), (104, 49), (104, 41),\n",
    "        (104, 33), (104, 25), (104, 17), (92, 9), (80, 9), (72, 9),\n",
    "        (64, 21), (72, 25), (80, 25), (80, 25), (80, 41), (88, 49),\n",
    "        (104, 57), (124, 69), (124, 77), (132, 81), (140, 65), (132, 61),\n",
    "        (124, 61), (124, 53), (124, 45), (124, 37), (124, 29), (132, 21),\n",
    "        (124, 21), (120, 9), (128, 9), (136, 9), (148, 9), (162, 9),\n",
    "        (156, 25), (172, 21), (180, 21), (180, 29), (172, 29), (172, 37),\n",
    "        (172, 45), (180, 45), (180, 37), (188, 41), (196, 49), (204, 57),\n",
    "        (212, 65), (220, 73), (228, 69), (228, 77), (236, 77), (236, 69),\n",
    "        (236, 61), (228, 61), (228, 53), (236, 53), (236, 45), (228, 45),\n",
    "        (228, 37), (236, 37), (236, 29), (228, 29), (228, 21), (236, 21),\n",
    "        (252, 21), (260, 29), (260, 37), (260, 45), (260, 53), (260, 61),\n",
    "        (260, 69), (260, 77), (276, 77), (276, 69), (276, 61), (276, 53),\n",
    "        (284, 53), (284, 61), (284, 69), (284, 77), (284, 85), (284, 93),\n",
    "        (284, 101), (288, 109), (280, 109), (276, 101), (276, 93), (276, 85),\n",
    "        (268, 97), (260, 109), (252, 101), (260, 93), (260, 85), (236, 85),\n",
    "        (228, 85), (228, 93), (236, 93), (236, 101), (228, 101), (228, 109),\n",
    "        (228, 117), (228, 125), (220, 125), (212, 117), (204, 109), (196, 101),\n",
    "        (188, 93), (180, 93), (180, 101), (180, 109), (180, 117), (180, 125),\n",
    "        (196, 145), (204, 145), (212, 145), (220, 145), (228, 145), (236, 145),\n",
    "        (246, 141), (252, 125), (260, 129), (280, 133)\n",
    "    ]  # yapf: disable\n",
    "    data['num_vehicles'] = 1\n",
    "    data['depot'] = 0\n",
    "    return data\n",
    "\n",
    "\n",
    "def compute_euclidean_distance_matrix(locations):\n",
    "    \"\"\"Creates callback to return distance between points.\"\"\"\n",
    "    distances = {}\n",
    "    for from_counter, from_node in enumerate(locations):\n",
    "        distances[from_counter] = {}\n",
    "        for to_counter, to_node in enumerate(locations):\n",
    "            if from_counter == to_counter:\n",
    "                distances[from_counter][to_counter] = 0\n",
    "            else:\n",
    "                # Euclidean distance\n",
    "                distances[from_counter][to_counter] = (int(\n",
    "                    math.hypot((from_node[0] - to_node[0]),\n",
    "                               (from_node[1] - to_node[1]))))\n",
    "    return distances\n",
    "\n",
    "\n",
    "def print_solution(manager, routing, solution):\n",
    "    \"\"\"Prints solution on console.\"\"\"\n",
    "    print('Objective: {}'.format(solution.ObjectiveValue()))\n",
    "    index = routing.Start(0)\n",
    "    plan_output = 'Route:\\n'\n",
    "    route_distance = 0\n",
    "    while not routing.IsEnd(index):\n",
    "        plan_output += ' {} ->'.format(manager.IndexToNode(index))\n",
    "        previous_index = index\n",
    "        index = solution.Value(routing.NextVar(index))\n",
    "        route_distance += routing.GetArcCostForVehicle(\n",
    "            previous_index, index, 0)\n",
    "    plan_output += ' {}\\n'.format(manager.IndexToNode(index))\n",
    "    print(plan_output)\n",
    "    plan_output += 'Objective: {}m\\n'.format(route_distance)\n",
    "\n",
    "\n",
    "def main():\n",
    "    \"\"\"Entry point of the program.\"\"\"\n",
    "    # Instantiate the data problem.\n",
    "    data = create_data_model()\n",
    "\n",
    "    # Create the routing index manager.\n",
    "    manager = pywrapcp.RoutingIndexManager(len(data['locations']),\n",
    "                                           data['num_vehicles'], data['depot'])\n",
    "\n",
    "    # Create Routing Model.\n",
    "    routing = pywrapcp.RoutingModel(manager)\n",
    "\n",
    "    distance_matrix = compute_euclidean_distance_matrix(data['locations'])\n",
    "\n",
    "    def distance_callback(from_index, to_index):\n",
    "        \"\"\"Returns the distance between the two nodes.\"\"\"\n",
    "        # Convert from routing variable Index to distance matrix NodeIndex.\n",
    "        from_node = manager.IndexToNode(from_index)\n",
    "        to_node = manager.IndexToNode(to_index)\n",
    "        return distance_matrix[from_node][to_node]\n",
    "\n",
    "    transit_callback_index = routing.RegisterTransitCallback(distance_callback)\n",
    "\n",
    "    # Define cost of each arc.\n",
    "    routing.SetArcCostEvaluatorOfAllVehicles(transit_callback_index)\n",
    "\n",
    "    # Setting first solution heuristic.\n",
    "    search_parameters = pywrapcp.DefaultRoutingSearchParameters()\n",
    "    search_parameters.first_solution_strategy = (\n",
    "        routing_enums_pb2.FirstSolutionStrategy.PATH_CHEAPEST_ARC)\n",
    "\n",
    "    # Solve the problem.\n",
    "    solution = routing.SolveWithParameters(search_parameters)\n",
    "\n",
    "    # Print solution on console.\n",
    "    if solution:\n",
    "        print_solution(manager, routing, solution)\n",
    "\n",
    "\n",
    "if __name__ == '__main__':\n",
    "    main()"
   ]
  },
  {
   "cell_type": "code",
   "execution_count": 25,
   "metadata": {},
   "outputs": [],
   "source": [
    "distance_matrix = [\n",
    "    [0, 2451, 713, 1018, 1631, 1374, 2408, 213, 2571, 875, 1420, 2145, 1972],\n",
    "    [2451, 0, 1745, 1524, 831, 1240, 959, 2596, 403, 1589, 1374, 357, 579],\n",
    "    [713, 1745, 0, 355, 920, 803, 1737, 851, 1858, 262, 940, 1453, 1260],\n",
    "    [1018, 1524, 355, 0, 700, 862, 1395, 1123, 1584, 466, 1056, 1280, 987],\n",
    "    [1631, 831, 920, 700, 0, 663, 1021, 1769, 949, 796, 879, 586, 371],\n",
    "    [1374, 1240, 803, 862, 663, 0, 1681, 1551, 1765, 547, 225, 887, 999],\n",
    "    [2408, 959, 1737, 1395, 1021, 1681, 0, 2493, 678, 1724, 1891, 1114, 701],\n",
    "    [213, 2596, 851, 1123, 1769, 1551, 2493, 0, 2699, 1038, 1605, 2300, 2099],\n",
    "    [2571, 403, 1858, 1584, 949, 1765, 678, 2699, 0, 1744, 1645, 653, 600],\n",
    "    [875, 1589, 262, 466, 796, 547, 1724, 1038, 1744, 0, 679, 1272, 1162],\n",
    "    [1420, 1374, 940, 1056, 879, 225, 1891, 1605, 1645, 679, 0, 1017, 1200],\n",
    "    [2145, 357, 1453, 1280, 586, 887, 1114, 2300, 653, 1272, 1017, 0, 504],\n",
    "    [1972, 579, 1260, 987, 371, 999, 701, 2099, 600, 1162, 1200, 504, 0],\n",
    "]"
   ]
  },
  {
   "cell_type": "code",
   "execution_count": 1,
   "metadata": {},
   "outputs": [
    {
     "ename": "ModuleNotFoundError",
     "evalue": "No module named 'tsplib95'",
     "output_type": "error",
     "traceback": [
      "\u001b[1;31m---------------------------------------------------------------------------\u001b[0m",
      "\u001b[1;31mModuleNotFoundError\u001b[0m                       Traceback (most recent call last)",
      "\u001b[1;32mc:\\Users\\6433\\Desktop\\紫燕\\predict\\线路规划\\VRP问题.ipynb Cell 5\u001b[0m in \u001b[0;36m<cell line: 1>\u001b[1;34m()\u001b[0m\n\u001b[1;32m----> <a href='vscode-notebook-cell:/c%3A/Users/6433/Desktop/%E7%B4%AB%E7%87%95/predict/%E7%BA%BF%E8%B7%AF%E8%A7%84%E5%88%92/VRP%E9%97%AE%E9%A2%98.ipynb#W3sZmlsZQ%3D%3D?line=0'>1</a>\u001b[0m \u001b[39mimport\u001b[39;00m \u001b[39mtsplib95\u001b[39;00m\n",
      "\u001b[1;31mModuleNotFoundError\u001b[0m: No module named 'tsplib95'"
     ]
    }
   ],
   "source": [
    "## 导入库函数\n",
    "from ortools.constraint_solver import routing_enums_pb2\n",
    "from ortools.constraint_solver import pywrapcp\n",
    "import numpy as np\n",
    "import tsplib95\n",
    "import matplotlib.pyplot as plt\n",
    "%matplotlib inline\n",
    "\n",
    "## 数据准备\n",
    "# 给定数据目录并读入数据\n",
    "fname: str = \"gr120.tsp\"\n",
    "input_fpath: str = r\"data/\" + fname\n",
    "data = tsplib95.load(input_fpath).as_name_dict()\n",
    "# 让节点编号从0开始\n",
    "data[\"display_data\"] = {k-1: v for k, v in data[\"display_data\"].items()}\n",
    "# 补充每个节点的demand数据\n",
    "rng = np.random.default_rng(seed = 0)\n",
    "data[\"demand\"] = rng.integers(1, 11, data[\"dimension\"]) # 随机生成[1, 10]的需求\n",
    "# 车辆数据\n",
    "n_vehicles = 4 # 车辆数\n",
    "capacity = [250] * n_vehicles # 车辆最大负载\n",
    "vehicle_start_idx = rng.integers(0, data[\"dimension\"], n_vehicles) # 每辆车的起点\n",
    "# 注意ortools是c++写的,它并不接受 np.int64,因此要转化为python原生的int类型\n",
    "vehicle_start_idx = [i.item() for i in vehicle_start_idx]\n",
    "vehicle_end_idx = rng.integers(0, data[\"dimension\"], n_vehicles) # 每辆车的终点\n",
    "vehicle_end_idx = [i.item() for i in vehicle_end_idx]\n",
    "\n",
    "# 节点可视化\n",
    "x_coor: list = [i[0] for i in data['display_data'].values()]\n",
    "y_coor: list = [i[1] for i in data['display_data'].values()]\n",
    "plt.figure(figsize = (8, 6), dpi = 120)\n",
    "plt.scatter(x_coor, y_coor)\n",
    "idx = 1\n",
    "offset = 2.5\n",
    "for start, end in zip(vehicle_start_idx, vehicle_end_idx):\n",
    "    plt.plot(data[\"display_data\"][start][0], data[\"display_data\"][start][1], \"r*\", markersize=16)\n",
    "    plt.plot(data[\"display_data\"][end][0], data[\"display_data\"][end][1], \"b*\", markersize=16)\n",
    "    plt.text(data[\"display_data\"][start][0]+offset, data[\"display_data\"][start][1]+offset, \"{}\".format(idx),fontsize=12)\n",
    "    plt.text(data[\"display_data\"][end][0]+offset, data[\"display_data\"][end][1]+offset, \"{}\".format(idx),fontsize=12)\n",
    "    idx += 1\n",
    "plt.xlabel(\"X coordinate\", fontsize = 14)\n",
    "plt.ylabel(\"Y coordinate\", fontsize = 14)\n",
    "plt.title(\"{} Nodes\".format(fname), fontsize = 16)"
   ]
  },
  {
   "cell_type": "code",
   "execution_count": 34,
   "metadata": {},
   "outputs": [
    {
     "data": {
      "text/latex": [
       "\\begin{bmatrix}0&2451&713&1018&1631&1374&2408&213&2571&875&1420&2145&1972\\\\ 2451&0&1745&1524&831&1240&959&2596&403&1589&1374&357&579\\\\ 713&1745&0&355&920&803&1737&851&1858&262&940&1453&1260\\\\ 1018&1524&355&0&700&862&1395&1123&1584&466&1056&1280&987\\\\ 1631&831&920&700&0&663&1021&1769&949&796&879&586&371\\\\ 1374&1240&803&862&663&0&1681&1551&1765&547&225&887&999\\\\ 2408&959&1737&1395&1021&1681&0&2493&678&1724&1891&1114&701\\\\ 213&2596&851&1123&1769&1551&2493&0&2699&1038&1605&2300&2099\\\\ 2571&403&1858&1584&949&1765&678&2699&0&1744&1645&653&600\\\\ 875&1589&262&466&796&547&1724&1038&1744&0&679&1272&1162\\\\ 1420&1374&940&1056&879&225&1891&1605&1645&679&0&1017&1200\\\\ 2145&357&1453&1280&586&887&1114&2300&653&1272&1017&0&504\\\\ 1972&579&1260&987&371&999&701&2099&600&1162&1200&504&0\\\\\\end{bmatrix}"
      ],
      "text/plain": [
       "array([[   0, 2451,  713, 1018, 1631, 1374, 2408,  213, 2571,  875, 1420,\n",
       "        2145, 1972],\n",
       "       [2451,    0, 1745, 1524,  831, 1240,  959, 2596,  403, 1589, 1374,\n",
       "         357,  579],\n",
       "       [ 713, 1745,    0,  355,  920,  803, 1737,  851, 1858,  262,  940,\n",
       "        1453, 1260],\n",
       "       [1018, 1524,  355,    0,  700,  862, 1395, 1123, 1584,  466, 1056,\n",
       "        1280,  987],\n",
       "       [1631,  831,  920,  700,    0,  663, 1021, 1769,  949,  796,  879,\n",
       "         586,  371],\n",
       "       [1374, 1240,  803,  862,  663,    0, 1681, 1551, 1765,  547,  225,\n",
       "         887,  999],\n",
       "       [2408,  959, 1737, 1395, 1021, 1681,    0, 2493,  678, 1724, 1891,\n",
       "        1114,  701],\n",
       "       [ 213, 2596,  851, 1123, 1769, 1551, 2493,    0, 2699, 1038, 1605,\n",
       "        2300, 2099],\n",
       "       [2571,  403, 1858, 1584,  949, 1765,  678, 2699,    0, 1744, 1645,\n",
       "         653,  600],\n",
       "       [ 875, 1589,  262,  466,  796,  547, 1724, 1038, 1744,    0,  679,\n",
       "        1272, 1162],\n",
       "       [1420, 1374,  940, 1056,  879,  225, 1891, 1605, 1645,  679,    0,\n",
       "        1017, 1200],\n",
       "       [2145,  357, 1453, 1280,  586,  887, 1114, 2300,  653, 1272, 1017,\n",
       "           0,  504],\n",
       "       [1972,  579, 1260,  987,  371,  999,  701, 2099,  600, 1162, 1200,\n",
       "         504,    0]])"
      ]
     },
     "execution_count": 34,
     "metadata": {},
     "output_type": "execute_result"
    }
   ],
   "source": []
  }
 ],
 "metadata": {
  "kernelspec": {
   "display_name": "Python 3.9.12 ('base')",
   "language": "python",
   "name": "python3"
  },
  "language_info": {
   "codemirror_mode": {
    "name": "ipython",
    "version": 3
   },
   "file_extension": ".py",
   "mimetype": "text/x-python",
   "name": "python",
   "nbconvert_exporter": "python",
   "pygments_lexer": "ipython3",
   "version": "3.9.12"
  },
  "orig_nbformat": 4,
  "vscode": {
   "interpreter": {
    "hash": "709766b6821282c6c42278fe44d1e0c5d34191c87288525f77c60ce74d484518"
   }
  }
 },
 "nbformat": 4,
 "nbformat_minor": 2
}
